V 54
K 1
D 0 -1524000 4318000 1270000
Y 1
U 3937000 1270000 254000 0 2 3 REFDES=J?
U 3937000 1016000 254000 0 2 3 DEVICE=503776-2410
U 3937000 762000 254000 0 2 0 PKG_TYPE=5037762410
U 3937000 508000 254000 0 2 0 Description=MOLEX - 503776-2410 - CONNECTOR, STACKING, PLUG, 24POS, 2ROW
U 3937000 254000 254000 0 2 0 Datasheet Link=https://componentsearchengine.com/Datasheets/1/503776-2410.pdf
U 3937000 0 254000 0 2 0 Height=0.78
U 3937000 -254000 254000 0 2 0 Mouser Part Number=538-503776-2410
U 3937000 -508000 254000 0 2 0 Mouser Price/Stock=https://www.mouser.co.uk/ProductDetail/Molex/503776-2410?qs=73RpG39PUGh8ZO0vVVQvWA%3D%3D
U 3937000 -762000 254000 0 2 0 Manufacturer_Name=Molex
U 3937000 -1016000 254000 0 2 0 Manufacturer_Part_Number=503776-2410
U 0 0 254000 0 1 0 FORWARD_PCB=1
l 5 508000 762000 3810000 762000 3810000 -1016000 508000 -1016000 508000 762000
|GRPHSTL -1 -1 -1 1
P 1 762000 -1524000 762000 -1016000 0 1 0
L 762000 -939800 228600 1 2 0 1 0 1
A 711200 -1168400 203200 1 9 3 #=1
A 0 0 9 0 3 0 PINTYPE=BI
P 2 762000 1270000 762000 762000 0 0 0
L 762000 685800 228600 1 8 0 1 0 2
A 711200 914400 203200 1 3 3 #=2
A 0 0 9 0 3 0 PINTYPE=BI
P 3 1016000 -1524000 1016000 -1016000 0 1 0
L 1016000 -939800 228600 1 2 0 1 0 3
A 965200 -1168400 203200 1 9 3 #=3
A 0 0 9 0 3 0 PINTYPE=BI
P 4 1016000 1270000 1016000 762000 0 0 0
L 1016000 685800 228600 1 8 0 1 0 4
A 965200 914400 203200 1 3 3 #=4
A 0 0 9 0 3 0 PINTYPE=BI
P 5 1270000 -1524000 1270000 -1016000 0 1 0
L 1270000 -939800 228600 1 2 0 1 0 5
A 1219200 -1168400 203200 1 9 3 #=5
A 0 0 9 0 3 0 PINTYPE=BI
P 6 1270000 1270000 1270000 762000 0 0 0
L 1270000 685800 228600 1 8 0 1 0 6
A 1219200 914400 203200 1 3 3 #=6
A 0 0 9 0 3 0 PINTYPE=BI
P 7 1524000 -1524000 1524000 -1016000 0 1 0
L 1524000 -939800 228600 1 2 0 1 0 7
A 1473200 -1168400 203200 1 9 3 #=7
A 0 0 9 0 3 0 PINTYPE=BI
P 8 1524000 1270000 1524000 762000 0 0 0
L 1524000 685800 228600 1 8 0 1 0 8
A 1473200 914400 203200 1 3 3 #=8
A 0 0 9 0 3 0 PINTYPE=BI
P 9 1778000 -1524000 1778000 -1016000 0 1 0
L 1778000 -939800 228600 1 2 0 1 0 9
A 1727200 -1168400 203200 1 9 3 #=9
A 0 0 9 0 3 0 PINTYPE=BI
P 10 1778000 1270000 1778000 762000 0 0 0
L 1778000 685800 228600 1 8 0 1 0 10
A 1727200 914400 203200 1 3 3 #=10
A 0 0 9 0 3 0 PINTYPE=BI
P 11 2032000 -1524000 2032000 -1016000 0 1 0
L 2032000 -939800 228600 1 2 0 1 0 11
A 1981200 -1168400 203200 1 9 3 #=11
A 0 0 9 0 3 0 PINTYPE=BI
P 12 2032000 1270000 2032000 762000 0 0 0
L 2032000 685800 228600 1 8 0 1 0 12
A 1981200 914400 203200 1 3 3 #=12
A 0 0 9 0 3 0 PINTYPE=BI
P 13 2286000 -1524000 2286000 -1016000 0 1 0
L 2286000 -939800 228600 1 2 0 1 0 13
A 2235200 -1168400 203200 1 9 3 #=13
A 0 0 9 0 3 0 PINTYPE=BI
P 14 2286000 1270000 2286000 762000 0 0 0
L 2286000 685800 228600 1 8 0 1 0 14
A 2235200 914400 203200 1 3 3 #=14
A 0 0 9 0 3 0 PINTYPE=BI
P 15 2540000 -1524000 2540000 -1016000 0 1 0
L 2540000 -939800 228600 1 2 0 1 0 15
A 2489200 -1168400 203200 1 9 3 #=15
A 0 0 9 0 3 0 PINTYPE=BI
P 16 2540000 1270000 2540000 762000 0 0 0
L 2540000 685800 228600 1 8 0 1 0 16
A 2489200 914400 203200 1 3 3 #=16
A 0 0 9 0 3 0 PINTYPE=BI
P 17 2794000 -1524000 2794000 -1016000 0 1 0
L 2794000 -939800 228600 1 2 0 1 0 17
A 2743200 -1168400 203200 1 9 3 #=17
A 0 0 9 0 3 0 PINTYPE=BI
P 18 2794000 1270000 2794000 762000 0 0 0
L 2794000 685800 228600 1 8 0 1 0 18
A 2743200 914400 203200 1 3 3 #=18
A 0 0 9 0 3 0 PINTYPE=BI
P 19 3048000 -1524000 3048000 -1016000 0 1 0
L 3048000 -939800 228600 1 2 0 1 0 19
A 2997200 -1168400 203200 1 9 3 #=19
A 0 0 9 0 3 0 PINTYPE=BI
P 20 3048000 1270000 3048000 762000 0 0 0
L 3048000 685800 228600 1 8 0 1 0 20
A 2997200 914400 203200 1 3 3 #=20
A 0 0 9 0 3 0 PINTYPE=BI
P 21 3302000 -1524000 3302000 -1016000 0 1 0
L 3302000 -939800 228600 1 2 0 1 0 21
A 3251200 -1168400 203200 1 9 3 #=21
A 0 0 9 0 3 0 PINTYPE=BI
P 22 3302000 1270000 3302000 762000 0 0 0
L 3302000 685800 228600 1 8 0 1 0 22
A 3251200 914400 203200 1 3 3 #=22
A 0 0 9 0 3 0 PINTYPE=BI
P 23 3556000 -1524000 3556000 -1016000 0 1 0
L 3556000 -939800 228600 1 2 0 1 0 23
A 3505200 -1168400 203200 1 9 3 #=23
A 0 0 9 0 3 0 PINTYPE=BI
P 24 3556000 1270000 3556000 762000 0 0 0
L 3556000 685800 228600 1 8 0 1 0 24
A 3505200 914400 203200 1 3 3 #=24
A 0 0 9 0 3 0 PINTYPE=BI
P 25 0 -254000 508000 -254000 0 2 0
L 584200 -254000 228600 0 2 0 1 0 MP1
A 355600 -203200 203200 0 9 3 #=MP1
A 0 0 9 0 3 0 PINTYPE=BI
P 26 4318000 -254000 3810000 -254000 0 3 0
L 3733800 -254000 228600 0 8 0 1 0 MP2
A 3962400 -203200 203200 0 3 3 #=MP2
A 0 0 9 0 3 0 PINTYPE=BI
P 27 4318000 0 3810000 0 0 3 0
L 3733800 0 228600 0 8 0 1 0 MP3
A 3962400 50800 203200 0 3 3 #=MP3
A 0 0 9 0 3 0 PINTYPE=BI
P 28 0 0 508000 0 0 2 0
L 584200 0 228600 0 2 0 1 0 MP4
A 355600 50800 203200 0 9 3 #=MP4
A 0 0 9 0 3 0 PINTYPE=BI
E
